Adjacency Matrix:
0 0 0 0 0 0 0 1 
0 0 0 0 1 0 0 0 
0 0 0 0 1 1 0 1 
0 0 0 0 1 0 1 0 
0 1 1 1 0 0 0 0 
0 0 1 0 0 0 0 0 
0 0 0 1 0 0 0 0 
1 0 1 0 0 0 0 0

d-2 coloring:
[1, 1, 2, 3, 1, 2, 2, 3]

Adjacency Matrix:
0 0 0 0 0 0 1 0 1 1 1 0 
0 0 0 0 0 0 1 0 1 1 0 1 
0 0 0 0 0 0 1 1 1 0 0 0 
0 0 0 0 0 0 1 0 1 0 0 1 
0 0 0 0 0 0 1 1 1 1 1 0 
0 0 0 0 0 0 1 1 1 0 1 1 
1 1 1 1 1 1 0 0 0 0 0 0 
0 0 1 0 1 1 0 0 0 0 0 0 
1 1 1 1 1 1 0 0 0 0 0 0 
1 1 0 0 1 0 0 0 0 0 0 0 
1 0 0 0 1 1 0 0 0 0 0 0 
0 1 0 1 0 1 0 0 0 0 0 0

d-2 coloring:
[3, 5, 2, 1, 6, 4, 3, 4, 5, 2, 1, 6] 


