     0 0 0 0 0 0 0 1        0 0 0 0 0 0 1 0 0 1 1 0        0 0 0 0 1 0
     0 0 0 0 1 0 0 0        0 0 0 0 0 0 1 0 0 1 0 1        0 0 0 0 1 1
     0 0 0 0 1 1 0 1        0 0 0 0 0 0 0 1 1 0 0 0        0 0 0 0 0 1
A =  0 0 0 0 1 0 1 0   B =  0 0 0 0 0 0 1 0 1 0 0 1   C =  0 0 0 0 1 0
     0 1 1 1 0 0 0 0        0 0 0 0 0 0 1 1 0 1 1 0        1 1 0 1 0 0
     0 0 1 0 0 0 0 0        0 0 0 0 0 0 0 1 1 0 1 0        0 1 1 0 0 0
     0 0 0 1 0 0 0 0        1 1 0 1 1 0 0 0 0 0 0 0
     1 0 1 0 0 0 0 0        0 0 1 0 1 1 0 0 0 0 0 0
                            0 0 1 1 0 1 0 0 0 0 0 0
                            1 1 0 0 1 0 0 0 0 0 0 0
                            1 0 0 0 1 1 0 0 0 0 0 0
                            0 1 0 1 0 0 0 0 0 0 0 0
